262.41059749682597 749.5060451587012 252.70399651168375 456.66687104206216 355.6474604502975 453.25465294830906 365.3540614354397 746.0938270649481 table 0
250.24689884116194 412.7241507002636 240.57342618702702 120.88442768982475 344.5163412318409 117.43908126506437 354.1898138859758 409.2788042755032 table 0
384.31050412223493 744.4649376696091 374.6370314681 452.6252146591702 479.579397619114 449.1467399034025 489.2528702732489 740.9864629138414 table 0
374.1457076789711 407.61678654915687 364.50536335584354 116.77651464491817 467.44882729445726 113.36429655116501 477.08917161758484 404.20456845540383 table 0
510.2413435034517 740.2907679626878 500.6009991803241 449.45049605844906 624.5329363491406 445.3425830135425 634.1732806722682 736.1828549177812 table 0
500.0765470601879 403.4426168422356 490.43620273706034 112.60234493799692 613.3686887996768 108.52756022409756 623.0090331228043 399.3678321283364 table 0
652.1302722528633 734.5870938534495 642.4567995987284 442.74737084301063 748.3986168559426 439.2357677562356 758.0720895100774 731.0754907666745 table 0
641.9986041406069 398.73839383919744 632.3913881484866 108.89757304115881 737.3337542995006 105.4190982853911 746.9409702916208 395.25991908342974 table 0
776.0953377526871 731.478631914743 766.4549934295595 440.63836001050424 843.4127286069698 438.0874785229413 853.0530729300974 728.9277504271801 table 0
764.9973468652379 396.6625113376984 755.2907458800956 103.82333722105943 832.2484810575058 101.27245573349637 841.9550820426481 394.11162985013544 table 0
872.0426439478999 728.2983121380412 862.3360429627577 435.4591380214021 938.2943270339679 432.94138486484644 948.00092801911 725.7805589814855 table 0
858.912622517043 392.548997116811 849.2060215319009 99.70982300017204 925.164305603111 97.19206984361631 934.8709065882532 390.0312439602553 table 0
965.0247251555196 726.2168284605614 955.3181241703774 433.3776543439223 1041.270919303589 430.5286178772935 1050.9775202887313 723.3677919939325 table 0
953.8936059370631 390.4012567773166 944.1870049519208 97.56208266067756 1030.1398000851323 94.71304619404873 1039.8464010702746 387.5522203106878 table 0