100.0 289.0 107.0 399.0 372.0 402.0 371.0 296.0 table 0
410.0 296.0 410.0 403.0 653.0 406.0 657.0 303.0 table 0
109.0 419.0 116.0 527.0 374.0 525.0 372.0 422.0 table 0
411.0 423.0 412.0 524.0 649.0 523.0 652.0 425.0 table 0
117.0 548.0 124.0 668.0 375.0 662.0 373.0 546.0 table 0
412.0 546.0 413.0 661.0 644.0 655.0 648.0 544.0 table 0
126.0 686.0 132.0 784.0 378.0 774.0 376.0 679.0 table 0
413.0 679.0 413.0 772.0 639.0 763.0 642.0 672.0 table 0
132.0 800.0 136.0 869.0 377.0 856.0 376.0 790.0 table 0
412.0 788.0 412.0 855.0 636.0 843.0 639.0 778.0 table 0
137.0 886.0 141.0 952.0 380.0 936.0 379.0 872.0 table 0
413.0 869.0 413.0 932.0 634.0 918.0 637.0 857.0 table 0
141.0 966.0 146.0 1038.0 380.0 1020.0 379.0 950.0 table 0
413.0 948.0 413.0 1018.0 630.0 1001.0 633.0 933.0 table 0